-38
-38
-43
-39
-38
-44
-44
-39
-44
-44
-40
-37
-38
-45
-39
-38
-37
-44
-38
-44
-39
-38
-44
-39
-38
-45
-45
-39
-45
-39
-38
-45
-39
-38
-44
-38
-38
-45
-40
-38
-45
-45
-39
-44
-44
-39
-38
-44
-39
-44
-39
-38
-44
-39
-38
-38
-44
-39
-38
-44
-38
-45
-39
-45
-39
-45
-39
-39
-38
-38
-45
-38
-38
-45
-38
-45
-45
-39
-37
-45
-38
-38
-45
-39
-39
-38
-45
-39
-38
-38
-45
-38
-44
-44
-39
-38
-44
-45
-38
-45
-39
-45
-45
-39
-37
-45
-39
-39
-45
-39
-39
-38
-38
-45
-38
-39
-38
-38
-45
-39
-38
-46
-39
-45
-45
-39
-38
-46
-39
-39
-38
-45
-39
-38
-46
-39
-38
-38
-45
-39
-45
-38
-39
-38
-45
-39
-38
-46
-46
-38
-38
-46
-39
-46
-39
-39
-45
-39
-38
-38
-40
-39
-46
-38
-46
-39
-46
-39
-38
-39
-39
-39
-38
-46
-39
-39
-39
-46
-39
-38
-38
-46
-39
-38
-46
-46
-39
-46
-46
-39
-39
-46
-39
-39
-39
-39
-46
-39
-46
-39
-38
-46
-39
-38
-39
-39
-39
-46
-39
-39
-38
-47
-38
-47
-39
-38
-46
-39
-38
-47
-39
-38
-38
-46
-39
-39
-38
-47
-39
-47
-39
-46
-38
-38
-39
-38
-38
-46
-46
-38
-46
-46
-39
-38
-46
-39
-39
-47
-38
-46
-38
-46
-39
-46
-39
-38
-46
-46
-39
-46
-46
-38
-39
-39
-38
-46
-40
-38
-46
-38
-46
-39
-38
-38
-46
-38
-39
-38
-47
-39
-46
-39
-46
-39
-38
-47
-39
-39
-38
-46
-39
-38
-38
-45
-38
-46
-46
-39
-38
-46
-46
-39
-38
-38
-38
-38
-46
-40
-39
-46
-39
-38
-38
-47
-39
-47
-38
-46
-39
-39
-46
-39
-50
-39
-38
-38
-46
-39
-38
-47
-38
-46
-46
-40
-46
-46
-39
-38
-46
-40
-38
-38
-39
-38
-39
-38
-38
-46
-39
-38
-47
-39
-38
-46
-38
-47
-46
-47
-39
-46
-39
-38
-46
-39
-39
-38
-37
-46
-38
-47
-38
-46
-40
-38
-46
-46
-39
-39
-47
-39
-38
-38
-38
-38
-46
-46
-39
-38
-38
-38
-46
-46
-40
-46
-39
-39
-38
-46
-39
-38
-46
-39
-38
-47
-38
-46
-39
-46
-38
-46
-39