-40
-47
-47
-40
-47
-40
-40
-47
-40
-40
-40
-40
-39
-46
-40
-47
-40
-40
-40
-40
-47
-47
-40
-40
-47
-40
-40
-40
-47
-40
-40
-40
-40
-47
-40
-47
-40
-47
-40
-40
-47
-40
-40
-47
-40
-40
-40
-40
-47
-40
-47
-47
-40
-40
-46
-40
-46
-40
-40
-40
-46
-40
-40
-40
-40
-40
-40
-46
-40
-47
-40
-40
-40
-46
-40
-40
-39
-47
-47
-40
-40
-47
-40
-40
-47
-47
-40
-40
-40
-47
-40
-40
-40
-40
-40
-40
-48
-39
-40
-40
-40
-47
-41
-40
-40
-41
-40
-40
-40
-46
-40
-40
-40
-40
-40
-47
-40
-40
-40
-48
-40
-40
-47
-46
-39
-40
-47
-47
-47
-40
-40
-47
-39
-39
-47
-47
-39
-40
-40
-40
-50
-40
-40
-47
-40
-47
-40
-40
-40
-47
-40
-40
-40
-40
-40
-40
-47
-40
-40
-40
-40
-40
-44
-40
-40
-40
-47
-39
-40
-40
-40
-40
-40
-47
-40
-40
-47
-40
-47
-40
-47
-40
-47
-40
-48
-40
-40
-41
-48
-40
-40
-47
-40
-47
-40
-40
-47
-40
-40
-47
-40
-47
-41
-47
-47
-40
-46
-40
-47
-48
-40
-40
-40
-47
-47
-40
-40
-47
-40
-41
-40
-40
-47
-40
-40
-40
-49
-48
-47
-40
-40
-40
-40
-40
-46
-46
-40
-40
-47
-40
-40
-47
-40
-40
-48
-40
-40
-40
-47
-40
-41
-40
-40
-40
-53
-47
-40
-40
-47
-47
-40
-40
-40
-40
-40
-41
-41
-47
-41
-40
-47
-41
-41
-40
-47
-40
-40
-50
-40
-48
-40
-41
-41
-48
-40
-40
-40
-40
-41
-40
-41
-41
-48
-41
-48
-47
-40
-47
-40
-41
-47
-40
-40
-47
-40
-41
-47
-40
-41
-47
-41
-41
-47
-40
-47
-47
-40
-41
-40
-41
-47
-40
-41
-47
-40
-40
-40
-41
-47
-40
-41
-47
-40
-40
-41
-47
-40
-41
-40
-41
-48
-40
-41
-40
-40
-41
-40
-41
-47
-40
-40
-41
-48
-40
-40
-41
-41
-40
-41
-41
-40
-41
-41
-47
-40
-41
-48
-40
-41
-47
-40
-46
-40
-41
-41
-40
-41
-41
-47
-40
-46
-46
-40
-41
-47
-47
-40
-41
-46
-47
-40
-41
-47
-40
-41
-41
-49
-40
-41
-47
-40
-41
-47
-40
-40
-47
-47
-40