-44
-43
-42
-44
-44
-48
-48
-42
-49
-42
-44
-49
-42
-49
-43
-55
-42
-43
-49
-43
-49
-42
-43
-49
-43
-42
-42
-48
-48
-41
-43
-49
-41
-43
-48
-41
-41
-43
-43
-49
-44
-49
-41
-44
-49
-43
-43
-48
-49
-48
-41
-44
-48
-41
-41
-43
-47
-50
-41
-43
-41
-41
-42
-48
-41
-41
-48
-43
-41
-44
-43
-49
-41
-44
-47
-47
-43
-46
-41
-43
-46
-41
-43
-47
-42
-48
-42
-43
-48
-43
-49
-41
-41
-49
-49
-41
-44
-42
-42
-44
-42
-42
-43
-45
-49
-42
-44
-46
-42
-43
-43
-48
-42
-44
-49
-43
-49
-49
-43
-49
-42
-44
-49
-42
-44
-48
-49
-49
-42
-44
-49
-49
-42
-44
-48
-42
-44
-44
-48
-42
-44
-44
-48
-42
-43
-48
-51
-44
-48
-41
-43
-48
-48
-42
-43
-48
-48
-44
-42
-44
-44
-49
-42
-42
-43
-48
-43
-42
-43
-48
-42
-42
-43
-49
-49
-42
-46
-44
-42
-44
-44
-42
-44
-49
-41
-44
-41
-49
-41
-43
-49
-42
-42
-42
-42
-44
-48
-44
-47
-41
-49
-41
-44
-48
-41
-44
-49
-49
-43
-49
-41
-43
-49
-42
-47
-48
-42
-41
-48
-43
-48
-42
-43
-41
-44
-42
-44
-44
-42
-48
-42
-48
-42
-44
-49
-42
-49
-42
-42
-43
-41
-41
-44
-43
-49
-41
-43
-43
-49
-48
-48
-42
-42
-44
-48
-42
-41
-44
-47
-42
-44
-49
-44
-44
-45
-45
-49
-42
-44
-49
-42
-44
-48
-42
-48
-49
-42
-44
-44
-48
-44
-44
-49
-42
-48
-45
-45
-48
-45
-49
-42
-42
-44
-47
-42
-42
-44
-49
-49
-42
-42
-44
-50
-42
-50
-42
-42
-44
-49
-44
-44
-49
-42
-44
-48
-45
-49
-42
-45
-49
-42
-46
-45
-42
-42
-45
-49
-49
-44
-44
-49
-42
-45
-49
-49
-44
-47
-42
-42
-42
-45
-49
-42
-44
-48
-42
-44
-44
-48
-42
-44
-49
-42
-45
-49
-48
-42
-42
-44
-50
-42
-49
-44
-44
-50
-42
-44
-49
-42
-45
-44
-49
-48
-42
-49
-49
-42
-45
-50
-49
-45
-47
-42
-42
-45
-48
-42
-44
-44
-48
-44
-49
-44
-44
-49
-45
-49
-42
-45
-42
-44
-42
-42
-48
-42
-47
-41
-43
-43
-49
-42
-44
-42
-44
-44
-42
-42
-42
-43
-42
-43
-49
-42
-44
-44
-49
-49
-44
-48
-42
-44
-48
-48
-42
-44
-49
-42
-44
-49
-49
-42
-44
-49
-42
-42
-44
-49
-44
-44
-49
-42
-44
-44
-49
-50
-44