-53
-48
-48
-50
-51
-52
-50
-48
-49
-51
-53
-48
-57
-53
-50
-66
-50
-51
-60
-60
-48
-52
-49
-45
-47
-49
-48
-53
-53
-48
-49
-52
-50
-56
-48
-53
-51
-51
-52
-53
-55
-48
-50
-50
-55
-49
-50
-53
-53
-50
-50
-49
-51
-51
-51
-55
-47
-58
-51
-51
-50
-49
-46
-47
-54
-50
-53
-48
-53
-50
-48
-47
-68
-52
-49
-48
-52
-54
-52
-46
-69
-47
-46
-51
-48
-46
-50
-53
-50
-54
-43
-56
-45
-51
-59
-46
-50
-46
-51
-60
-55
-52
-53
-53
-52
-48
-48
-55
-55
-58
-58
-53
-59
-49
-52
-48
-48
-52
-53
-56
-48
-48
-54
-48
-47
-49
-55
-47
-48
-55
-48
-49
-56
-47
-47
-57
-57
-47
-51
-48
-59
-53
-50
-51
-54
-52
-59
-51
-52
-51
-51
-44
-65
-51
-50
-53
-53
-49
-47
-48
-55
-52
-50
-51
-56
-55
-55
-50
-63
-61
-52
-52
-56
-49
-49
-52
-55
-49
-50
-48
-56
-50
-54
-48
-59
-51
-51
-52
-45
-47
-48
-53
-49
-48
-44
-64
-60
-61
-50
-46
-48
-47
-45
-56
-48
-48
-48
-48
-51
-49
-48
-44
-50
-50
-53
-49
-50
-51
-64
-45
-48
-80
-47
-71
-45
-52
-53
-47
-55
-50
-50
-49
-61
-49
-48
-49
-49
-71
-47
-62
-54
-49
-47
-53
-58
-47
-49
-58
-47
-51
-62
-63
-51
-59
-52
-47
-46
-49
-48
-51
-50
-53
-49
-56
-52
-51
-60
-59
-54
-52
-50
-58
-48
-50
-46
-48
-56
-48
-54
-48
-47
-53
-50
-46
-52
-50
-55
-55
-51
-53
-49
-51
-52
-48
-54
-54
-57
-52
-50
-55
-48
-51
-51
-47
-52
-56
-54
-50
-49
-62
-50
-51
-53
-50
-48
-54
-50
-47
-45
-52
-50
-53
-47
-48
-53
-48
-47
-50
-47
-48
-51
-53
-49
-52
-52
-61
-46
-46
-68
-49
-54
-59
-52
-52
-60
-49
-55
-47
-57
-61
-46
-48
-50
-50
-50
-45
-46
-52
-48
-45
-56
-48
-56
-47
-51
-49
-55
-47
-49
-51
-54
-48
-52
-51
-46
-49
-48
-60
-50
-52
-62
-59
-49
-64
-47
-51
-46
-46
-49
-48
-56
-45
-48
-50
-50
-49
-52
-58
-46
-56
-53
-57
-47
-52
-51
-52
-50
-48
-58
-57
-58
-53
-52
-49
-55
-49
-60
-58
-56
-52
-51
-47
-46
-47
-50
-54
-50
-49
-48
-50
-50
-52
-58
-49
-48
-53
-49
-54
-51
-47
-55
-48
-49
-51
-52
-49
-50
-52
-52
-49
-58
-50
-51
-50
-53
-49
-48
-49
-51
-50
-56
-55
-50
-47
-49
-49
-63
-55
-53
-52
-62
-47
-57
-55
-52
-51
-50
-50
-45
-45
-47
-52
-45
-54
-56
-60
-58
-48
-55
-52
-49
-56
-48
-57
-47
-47
-47
-53
-46
-51
-47
-46
-46
-53
-48
-47
-52
-53
-49
-47
-52
-52
-49
-52
-49
-47
-49
-50
-50
-50
-52
-51
-46
-46
-53
-55
-51
-48
-57
-55
-61
-55
-57
-58
-54
-52
-58
-57
-53
-52
-54
-53
-48
-47
-52
-47
-49
-51
-58
-53
-50
-52
-56
-51
-47
-58
-50
-47
-55
-52
-48
-57
-50
-48
-52
-50
-49
-48
-55
-52
-48
-55
-47
-50
-50
-53
-49
-54
-54
-49
-52
-51
-47
-53
-53
-62
-48
-54
-52
-51
-48
-50
-51
-55
-51
-48
-46
-52
-49
-49
-48
-49
-45
-54
-57
-56
-54
-52
-65
-57
-54
-53
-47
-52
-47
-49
-47
-47
-52
-46
-45
-56
-53
-58
-48
-48
-52
-48