-47
-52
-50
-43
-53
-45
-48
-51
-45
-50
-51
-45
-51
-57
-59
-60
-60
-49
-50
-55
-49
-52
-49
-45
-45
-48
-45
-53
-46
-52
-46
-49
-48
-48
-53
-46
-49
-52
-46
-46
-46
-49
-46
-49
-45
-50
-56
-51
-51
-52
-46
-49
-48
-43
-47
-45
-47
-49
-48
-53
-52
-46
-58
-50
-50
-46
-45
-47
-46
-46
-47
-43
-52
-48
-50
-45
-49
-53
-43
-45
-61
-42
-51
-51
-44
-43
-49
-48
-56
-46
-54
-52
-44
-56
-43
-48
-44
-57
-44
-50
-46
-50
-51
-55
-44
-55
-44
-52
-51
-47
-42
-48
-51
-43
-50
-47
-51
-50
-47
-48
-51
-65
-52
-44
-43
-45
-49
-45
-44
-43
-49
-49
-47
-55
-53
-54
-50
-46
-52
-49
-50
-51
-50
-46
-52
-53
-46
-48
-45
-49
-45
-45
-49
-55
-49
-49
-57
-45
-51
-45
-47
-50
-43
-48
-55
-58
-51
-48
-47
-49
-52
-52
-50
-43
-52
-48
-43
-46
-50
-46
-45
-59
-46
-52
-41
-48
-43
-50
-46
-54
-44
-49
-49
-56
-44
-48
-55
-50
-44
-51
-45
-53
-50
-44
-51
-52
-52
-42
-48
-42
-51
-43
-43
-49
-51
-44
-52
-54
-49
-52
-45
-42
-49
-43
-43
-51
-44
-43
-48
-48
-48
-51
-46
-53
-51
-48
-52
-54
-52
-54
-49
-54
-50
-47
-47
-51
-49
-47
-52
-51
-48
-52
-55
-51
-49
-53
-52
-46
-48
-47
-53
-51
-53
-46
-46
-49
-49
-48
-47
-57
-52
-45
-49
-48
-43
-55
-49
-57
-46
-46
-45
-45
-47
-44
-44
-48
-50
-50
-46
-46
-51
-51
-44
-47
-57
-42
-49
-44
-43
-43
-49
-44
-48
-48
-53
-44
-52
-55
-43
-52
-54
-43
-53
-43
-52
-44
-43
-51
-52
-50
-49
-43
-51
-53
-43
-51
-50
-44
-49
-42
-50
-49
-50
-55
-42
-44
-51
-46
-49
-46
-50
-46
-48
-52
-54
-47
-48
-44
-51
-50
-44
-47
-44
-50
-50
-48
-55
-50
-50
-54
-50
-46
-52
-51
-46
-46
-53
-56
-48
-53
-47
-47
-54
-50
-52
-52
-53
-50
-47
-56
-50
-48
-53
-45
-57
-47
-46
-45
-53
-43
-48
-55
-52
-54
-52
-45
-51
-47
-50
-62
-50
-58
-64
-46
-52
-44
-50
-41
-50
-42
-58
-56
-43
-47
-59
-42
-45
-45
-49
-56
-44
-50
-51
-55
-45
-56
-44
-57
-44
-45
-52
-62
-46
-58
-43
-57
-44
-44
-49
-44
-44
-52
-53
-43
-51
-51
-45
-52
-49
-45
-50
-51
-44
-47
-52
-54
-45
-45
-51
-50
-45
-49
-51
-54
-45
-50
-48
-46
-51
-55
-46
-50
-52
-46
-50
-55
-53
-52
-47
-50
-51
-49
-49
-47
-53
-48
-53
-48
-47
-51
-53
-48
-56
-53
-51
-52
-49
-53
-46
-52
-46
-44
-45
-48
-54
-46
-61
-46
-44
-43
-48
-50
-43
-51
-44
-45
-49
-51
-50
-48
-43
-47
-57
-43
-45
-60
-44
-62
-43
-48
-49
-52
-45
-52
-44
-54
-45
-49
-46
-55
-45
-52
-54
-53
-46
-49